190
183
182
105
113
153
145
195
132
120
178
116
102
171
156
101
165
102
175
146
146
198
143
140
120
101
124
193
145
165
193
139
103
176
180
146
108
156
173
187
106
178
179
167
192
169
172
107
162
173
130
134
138
171
1000425
1000346
155
171
129
188
112
152
121
131
106
152
115
121
110
163
143
193
152
195
180
115
132
139
156
172
105
133
163
113
155
175
111
136
166
166
181
106
190
136
177
140
160
178
196
147
118
105
165
124
152
171
166
135
188
148
132
173
120
162
145
187
188
117
109
134
120
129
164
110
186
151
133
125
102
187
128
128
101
122
112
103
148
137
188
120
198
199
155
101
159
150
103
103
126
132
125
178
116
149
144
159
151
191
194
132
134
102
184
130
118
165
140
164
123
186
141
144
187
174
194
130
114
120
158
105
157
100
104
165
133
130
122
119
154
145
163
170
193
131
197
187
195
189
166
145
177
152
